{
  "metadata": {
    "resolution": 15,
    "k_dimension": 2,
    "total_points": 225,
    "export_timestamp": "2026-05-24T02:01:32"
  },
  "mapping_data": {
    "cube_points": [
      [
        0.0,
        0.0
      ],
      [
        0.07142857142857142,
        0.0
      ],
      [
        0.14285714285714285,
        0.0
      ],
      [
        0.21428571428571427,
        0.0
      ],
      [
        0.2857142857142857,
        0.0
      ],
      [
        0.3571428571428571,
        0.0
      ],
      [
        0.42857142857142855,
        0.0
      ],
      [
        0.5,
        0.0
      ],
      [
        0.5714285714285714,
        0.0
      ],
      [
        0.6428571428571428,
        0.0
      ],
      [
        0.7142857142857142,
        0.0
      ],
      [
        0.7857142857142857,
        0.0
      ],
      [
        0.8571428571428571,
        0.0
      ],
      [
        0.9285714285714285,
        0.0
      ],
      [
        1.0,
        0.0
      ],
      [
        0.0,
        0.07142857142857142
      ],
      [
        0.07142857142857142,
        0.07142857142857142
      ],
      [
        0.14285714285714285,
        0.07142857142857142
      ],
      [
        0.21428571428571427,
        0.07142857142857142
      ],
      [
        0.2857142857142857,
        0.07142857142857142
      ],
      [
        0.3571428571428571,
        0.07142857142857142
      ],
      [
        0.42857142857142855,
        0.07142857142857142
      ],
      [
        0.5,
        0.07142857142857142
      ],
      [
        0.5714285714285714,
        0.07142857142857142
      ],
      [
        0.6428571428571428,
        0.07142857142857142
      ],
      [
        0.7142857142857142,
        0.07142857142857142
      ],
      [
        0.7857142857142857,
        0.07142857142857142
      ],
      [
        0.8571428571428571,
        0.07142857142857142
      ],
      [
        0.9285714285714285,
        0.07142857142857142
      ],
      [
        1.0,
        0.07142857142857142
      ],
      [
        0.0,
        0.14285714285714285
      ],
      [
        0.07142857142857142,
        0.14285714285714285
      ],
      [
        0.14285714285714285,
        0.14285714285714285
      ],
      [
        0.21428571428571427,
        0.14285714285714285
      ],
      [
        0.2857142857142857,
        0.14285714285714285
      ],
      [
        0.3571428571428571,
        0.14285714285714285
      ],
      [
        0.42857142857142855,
        0.14285714285714285
      ],
      [
        0.5,
        0.14285714285714285
      ],
      [
        0.5714285714285714,
        0.14285714285714285
      ],
      [
        0.6428571428571428,
        0.14285714285714285
      ],
      [
        0.7142857142857142,
        0.14285714285714285
      ],
      [
        0.7857142857142857,
        0.14285714285714285
      ],
      [
        0.8571428571428571,
        0.14285714285714285
      ],
      [
        0.9285714285714285,
        0.14285714285714285
      ],
      [
        1.0,
        0.14285714285714285
      ],
      [
        0.0,
        0.21428571428571427
      ],
      [
        0.07142857142857142,
        0.21428571428571427
      ],
      [
        0.14285714285714285,
        0.21428571428571427
      ],
      [
        0.21428571428571427,
        0.21428571428571427
      ],
      [
        0.2857142857142857,
        0.21428571428571427
      ],
      [
        0.3571428571428571,
        0.21428571428571427
      ],
      [
        0.42857142857142855,
        0.21428571428571427
      ],
      [
        0.5,
        0.21428571428571427
      ],
      [
        0.5714285714285714,
        0.21428571428571427
      ],
      [
        0.6428571428571428,
        0.21428571428571427
      ],
      [
        0.7142857142857142,
        0.21428571428571427
      ],
      [
        0.7857142857142857,
        0.21428571428571427
      ],
      [
        0.8571428571428571,
        0.21428571428571427
      ],
      [
        0.9285714285714285,
        0.21428571428571427
      ],
      [
        1.0,
        0.21428571428571427
      ],
      [
        0.0,
        0.2857142857142857
      ],
      [
        0.07142857142857142,
        0.2857142857142857
      ],
      [
        0.14285714285714285,
        0.2857142857142857
      ],
      [
        0.21428571428571427,
        0.2857142857142857
      ],
      [
        0.2857142857142857,
        0.2857142857142857
      ],
      [
        0.3571428571428571,
        0.2857142857142857
      ],
      [
        0.42857142857142855,
        0.2857142857142857
      ],
      [
        0.5,
        0.2857142857142857
      ],
      [
        0.5714285714285714,
        0.2857142857142857
      ],
      [
        0.6428571428571428,
        0.2857142857142857
      ],
      [
        0.7142857142857142,
        0.2857142857142857
      ],
      [
        0.7857142857142857,
        0.2857142857142857
      ],
      [
        0.8571428571428571,
        0.2857142857142857
      ],
      [
        0.9285714285714285,
        0.2857142857142857
      ],
      [
        1.0,
        0.2857142857142857
      ],
      [
        0.0,
        0.3571428571428571
      ],
      [
        0.07142857142857142,
        0.3571428571428571
      ],
      [
        0.14285714285714285,
        0.3571428571428571
      ],
      [
        0.21428571428571427,
        0.3571428571428571
      ],
      [
        0.2857142857142857,
        0.3571428571428571
      ],
      [
        0.3571428571428571,
        0.3571428571428571
      ],
      [
        0.42857142857142855,
        0.3571428571428571
      ],
      [
        0.5,
        0.3571428571428571
      ],
      [
        0.5714285714285714,
        0.3571428571428571
      ],
      [
        0.6428571428571428,
        0.3571428571428571
      ],
      [
        0.7142857142857142,
        0.3571428571428571
      ],
      [
        0.7857142857142857,
        0.3571428571428571
      ],
      [
        0.8571428571428571,
        0.3571428571428571
      ],
      [
        0.9285714285714285,
        0.3571428571428571
      ],
      [
        1.0,
        0.3571428571428571
      ],
      [
        0.0,
        0.42857142857142855
      ],
      [
        0.07142857142857142,
        0.42857142857142855
      ],
      [
        0.14285714285714285,
        0.42857142857142855
      ],
      [
        0.21428571428571427,
        0.42857142857142855
      ],
      [
        0.2857142857142857,
        0.42857142857142855
      ],
      [
        0.3571428571428571,
        0.42857142857142855
      ],
      [
        0.42857142857142855,
        0.42857142857142855
      ],
      [
        0.5,
        0.42857142857142855
      ],
      [
        0.5714285714285714,
        0.42857142857142855
      ],
      [
        0.6428571428571428,
        0.42857142857142855
      ],
      [
        0.7142857142857142,
        0.42857142857142855
      ],
      [
        0.7857142857142857,
        0.42857142857142855
      ],
      [
        0.8571428571428571,
        0.42857142857142855
      ],
      [
        0.9285714285714285,
        0.42857142857142855
      ],
      [
        1.0,
        0.42857142857142855
      ],
      [
        0.0,
        0.5
      ],
      [
        0.07142857142857142,
        0.5
      ],
      [
        0.14285714285714285,
        0.5
      ],
      [
        0.21428571428571427,
        0.5
      ],
      [
        0.2857142857142857,
        0.5
      ],
      [
        0.3571428571428571,
        0.5
      ],
      [
        0.42857142857142855,
        0.5
      ],
      [
        0.5,
        0.5
      ],
      [
        0.5714285714285714,
        0.5
      ],
      [
        0.6428571428571428,
        0.5
      ],
      [
        0.7142857142857142,
        0.5
      ],
      [
        0.7857142857142857,
        0.5
      ],
      [
        0.8571428571428571,
        0.5
      ],
      [
        0.9285714285714285,
        0.5
      ],
      [
        1.0,
        0.5
      ],
      [
        0.0,
        0.5714285714285714
      ],
      [
        0.07142857142857142,
        0.5714285714285714
      ],
      [
        0.14285714285714285,
        0.5714285714285714
      ],
      [
        0.21428571428571427,
        0.5714285714285714
      ],
      [
        0.2857142857142857,
        0.5714285714285714
      ],
      [
        0.3571428571428571,
        0.5714285714285714
      ],
      [
        0.42857142857142855,
        0.5714285714285714
      ],
      [
        0.5,
        0.5714285714285714
      ],
      [
        0.5714285714285714,
        0.5714285714285714
      ],
      [
        0.6428571428571428,
        0.5714285714285714
      ],
      [
        0.7142857142857142,
        0.5714285714285714
      ],
      [
        0.7857142857142857,
        0.5714285714285714
      ],
      [
        0.8571428571428571,
        0.5714285714285714
      ],
      [
        0.9285714285714285,
        0.5714285714285714
      ],
      [
        1.0,
        0.5714285714285714
      ],
      [
        0.0,
        0.6428571428571428
      ],
      [
        0.07142857142857142,
        0.6428571428571428
      ],
      [
        0.14285714285714285,
        0.6428571428571428
      ],
      [
        0.21428571428571427,
        0.6428571428571428
      ],
      [
        0.2857142857142857,
        0.6428571428571428
      ],
      [
        0.3571428571428571,
        0.6428571428571428
      ],
      [
        0.42857142857142855,
        0.6428571428571428
      ],
      [
        0.5,
        0.6428571428571428
      ],
      [
        0.5714285714285714,
        0.6428571428571428
      ],
      [
        0.6428571428571428,
        0.6428571428571428
      ],
      [
        0.7142857142857142,
        0.6428571428571428
      ],
      [
        0.7857142857142857,
        0.6428571428571428
      ],
      [
        0.8571428571428571,
        0.6428571428571428
      ],
      [
        0.9285714285714285,
        0.6428571428571428
      ],
      [
        1.0,
        0.6428571428571428
      ],
      [
        0.0,
        0.7142857142857142
      ],
      [
        0.07142857142857142,
        0.7142857142857142
      ],
      [
        0.14285714285714285,
        0.7142857142857142
      ],
      [
        0.21428571428571427,
        0.7142857142857142
      ],
      [
        0.2857142857142857,
        0.7142857142857142
      ],
      [
        0.3571428571428571,
        0.7142857142857142
      ],
      [
        0.42857142857142855,
        0.7142857142857142
      ],
      [
        0.5,
        0.7142857142857142
      ],
      [
        0.5714285714285714,
        0.7142857142857142
      ],
      [
        0.6428571428571428,
        0.7142857142857142
      ],
      [
        0.7142857142857142,
        0.7142857142857142
      ],
      [
        0.7857142857142857,
        0.7142857142857142
      ],
      [
        0.8571428571428571,
        0.7142857142857142
      ],
      [
        0.9285714285714285,
        0.7142857142857142
      ],
      [
        1.0,
        0.7142857142857142
      ],
      [
        0.0,
        0.7857142857142857
      ],
      [
        0.07142857142857142,
        0.7857142857142857
      ],
      [
        0.14285714285714285,
        0.7857142857142857
      ],
      [
        0.21428571428571427,
        0.7857142857142857
      ],
      [
        0.2857142857142857,
        0.7857142857142857
      ],
      [
        0.3571428571428571,
        0.7857142857142857
      ],
      [
        0.42857142857142855,
        0.7857142857142857
      ],
      [
        0.5,
        0.7857142857142857
      ],
      [
        0.5714285714285714,
        0.7857142857142857
      ],
      [
        0.6428571428571428,
        0.7857142857142857
      ],
      [
        0.7142857142857142,
        0.7857142857142857
      ],
      [
        0.7857142857142857,
        0.7857142857142857
      ],
      [
        0.8571428571428571,
        0.7857142857142857
      ],
      [
        0.9285714285714285,
        0.7857142857142857
      ],
      [
        1.0,
        0.7857142857142857
      ],
      [
        0.0,
        0.8571428571428571
      ],
      [
        0.07142857142857142,
        0.8571428571428571
      ],
      [
        0.14285714285714285,
        0.8571428571428571
      ],
      [
        0.21428571428571427,
        0.8571428571428571
      ],
      [
        0.2857142857142857,
        0.8571428571428571
      ],
      [
        0.3571428571428571,
        0.8571428571428571
      ],
      [
        0.42857142857142855,
        0.8571428571428571
      ],
      [
        0.5,
        0.8571428571428571
      ],
      [
        0.5714285714285714,
        0.8571428571428571
      ],
      [
        0.6428571428571428,
        0.8571428571428571
      ],
      [
        0.7142857142857142,
        0.8571428571428571
      ],
      [
        0.7857142857142857,
        0.8571428571428571
      ],
      [
        0.8571428571428571,
        0.8571428571428571
      ],
      [
        0.9285714285714285,
        0.8571428571428571
      ],
      [
        1.0,
        0.8571428571428571
      ],
      [
        0.0,
        0.9285714285714285
      ],
      [
        0.07142857142857142,
        0.9285714285714285
      ],
      [
        0.14285714285714285,
        0.9285714285714285
      ],
      [
        0.21428571428571427,
        0.9285714285714285
      ],
      [
        0.2857142857142857,
        0.9285714285714285
      ],
      [
        0.3571428571428571,
        0.9285714285714285
      ],
      [
        0.42857142857142855,
        0.9285714285714285
      ],
      [
        0.5,
        0.9285714285714285
      ],
      [
        0.5714285714285714,
        0.9285714285714285
      ],
      [
        0.6428571428571428,
        0.9285714285714285
      ],
      [
        0.7142857142857142,
        0.9285714285714285
      ],
      [
        0.7857142857142857,
        0.9285714285714285
      ],
      [
        0.8571428571428571,
        0.9285714285714285
      ],
      [
        0.9285714285714285,
        0.9285714285714285
      ],
      [
        1.0,
        0.9285714285714285
      ],
      [
        0.0,
        1.0
      ],
      [
        0.07142857142857142,
        1.0
      ],
      [
        0.14285714285714285,
        1.0
      ],
      [
        0.21428571428571427,
        1.0
      ],
      [
        0.2857142857142857,
        1.0
      ],
      [
        0.3571428571428571,
        1.0
      ],
      [
        0.42857142857142855,
        1.0
      ],
      [
        0.5,
        1.0
      ],
      [
        0.5714285714285714,
        1.0
      ],
      [
        0.6428571428571428,
        1.0
      ],
      [
        0.7142857142857142,
        1.0
      ],
      [
        0.7857142857142857,
        1.0
      ],
      [
        0.8571428571428571,
        1.0
      ],
      [
        0.9285714285714285,
        1.0
      ],
      [
        1.0,
        1.0
      ]
    ],
    "simplex_points": [
      [
        0.3387410673322794,
        0.39574898093324434,
        0.26550995173447617
      ],
      [
        0.31335834168258914,
        0.41036050411816083,
        0.27628115419925003
      ],
      [
        0.2821523749261338,
        0.4282712258302706,
        0.2895763992435955
      ],
      [
        0.24659483527043988,
        0.4486215404970279,
        0.30478362423253214
      ],
      [
        0.20980440017334262,
        0.46961175178690173,
        0.3205838480397557
      ],
      [
        0.17597657302396136,
        0.4888413264696202,
        0.33518210050641845
      ],
      [
        0.1477514510587998,
        0.5048338705822238,
        0.3474146783589764
      ],
      [
        0.1261839668965972,
        0.5170187080193072,
        0.3567973250840956
      ],
      [
        0.11058618138906438,
        0.5258115908579715,
        0.3636022277529642
      ],
      [
        0.09975062109624222,
        0.5319097617111562,
        0.3683396171926016
      ],
      [
        0.09237378735766638,
        0.5360567722424441,
        0.37156944039988954
      ],
      [
        0.08760519813618928,
        0.5387337459361361,
        0.3736610559276746
      ],
      [
        0.0845167733086187,
        0.5404659625805918,
        0.3750172641107895
      ],
      [
        0.082394112953655,
        0.5416570164446568,
        0.3759488706016882
      ],
      [
        0.08096268700349732,
        0.54246038408547,
        0.3765769289110326
      ],
      [
        0.3417086290171633,
        0.39032981002437644,
        0.26796156095846024
      ],
      [
        0.31622786356081267,
        0.4048927190944702,
        0.27887941734471716
      ],
      [
        0.2848779120872938,
        0.42275991726498585,
        0.29236217064772035
      ],
      [
        0.24912994068530211,
        0.44307873533728437,
        0.3077913239774135
      ],
      [
        0.21211186827038755,
        0.4640571863381134,
        0.3238309453914991
      ],
      [
        0.17804096126341296,
        0.4832987028871734,
        0.33866033584941363
      ],
      [
        0.1495871487404385,
        0.4993184561709039,
        0.3510943950886575
      ],
      [
        0.12782679169329822,
        0.5115360528716516,
        0.3606371554350502
      ],
      [
        0.11207939488409298,
        0.5203592603542802,
        0.36756134476162683
      ],
      [
        0.1011344896333314,
        0.526482023227986,
        0.37238348713868263
      ],
      [
        0.09368071408190908,
        0.5306473985826828,
        0.3756718873354081
      ],
      [
        0.08886031238838042,
        0.5333375844279354,
        0.37780210318368407
      ],
      [
        0.08573746341616664,
        0.5350789160612949,
        0.37918362052253857
      ],
      [
        0.08359142773790229,
        0.5362760516666305,
        0.38013252059546715
      ],
      [
        0.08214433832081948,
        0.5370834567152616,
        0.38077220496391895
      ],
      [
        0.345088312830232,
        0.38414572701179006,
        0.27076596015797794
      ],
      [
        0.3195104222089447,
        0.3986311320830472,
        0.2818584457080081
      ],
      [
        0.28801323990984085,
        0.4164211804539432,
        0.29556557963621594
      ],
      [
        0.25206584327960596,
        0.4366725479714543,
        0.31126160874893977
      ],
      [
        0.2148042751972302,
        0.45760502740755654,
        0.3275906973952133
      ],
      [
        0.18046791318893976,
        0.47683066720475015,
        0.34270141960631006
      ],
      [
        0.1517603026492498,
        0.4928574837951567,
        0.3553822135555935
      ],
      [
        0.12978307731156774,
        0.5050947696746849,
        0.36512215301374734
      ],
      [
        0.11386588649702324,
        0.5139402302825349,
        0.37219388322044195
      ],
      [
        0.10279604741893461,
        0.5200827485118558,
        0.3771212040692097
      ],
      [
        0.09525397539920895,
        0.5242635618128643,
        0.38048246278792675
      ],
      [
        0.090373787387325,
        0.5269653819140537,
        0.38266083069862133
      ],
      [
        0.08721107818794796,
        0.5287149417625219,
        0.3840739800495302
      ],
      [
        0.08503801970828107,
        0.529917505532967,
        0.385044474758752
      ],
      [
        0.0835728394465205,
        0.5307284911008566,
        0.3856986694526229
      ],
      [
        0.34901699495384714,
        0.37696000417309344,
        0.2740230008730594
      ],
      [
        0.32332282059730005,
        0.39136044360731975,
        0.2853167357953802
      ],
      [
        0.29165062079412946,
        0.40906715647694286,
        0.2992822227289276
      ],
      [
        0.2554674023387979,
        0.4292473349218364,
        0.3152852627393657
      ],
      [
        0.2179192092420302,
        0.45013376479685646,
        0.3319470259611133
      ],
      [
        0.18327173103887495,
        0.46934757134637506,
        0.34738069761474993
      ],
      [
        0.15426764998300876,
        0.4853879235202736,
        0.3603444264967177
      ],
      [
        0.13203776051906396,
        0.49765198220882373,
        0.3703102572721123
      ],
      [
        0.11592311382444181,
        0.5065259982088147,
        0.37755088796674346
      ],
      [
        0.10470817893489312,
        0.5126932746829617,
        0.3825985463821452
      ],
      [
        0.09706364819557599,
        0.5168932187735089,
        0.38604313303091503
      ],
      [
        0.09211415789813705,
        0.5196092966615695,
        0.38827654544029344
      ],
      [
        0.08890527474597995,
        0.5213688820296403,
        0.38972584322437975
      ],
      [
        0.08670090344610047,
        0.522578077054415,
        0.39072101949948457
      ],
      [
        0.08521475663068191,
        0.5233934432571724,
        0.3913918001121458
      ],
      [
        0.3535348963867764,
        0.36870008396818676,
        0.2777650196450369
      ],
      [
        0.32770282008831153,
        0.38300920138954825,
        0.28928797852214017
      ],
      [
        0.2958245125806376,
        0.4006280750262629,
        0.3035474123930994
      ],
      [
        0.25936503166525393,
        0.42073558419723117,
        0.31989938413751484
      ],
      [
        0.22148261391625976,
        0.44157859594138077,
        0.33693879014235956
      ],
      [
        0.18647398808357926,
        0.46078748144581094,
        0.3527385304706098
      ],
      [
        0.15712696719696206,
        0.4768504947958092,
        0.3660225380072288
      ],
      [
        0.1346056438662334,
        0.48915059985895454,
        0.37624375627481205
      ],
      [
        0.1182637042036065,
        0.498061138514993,
        0.38367515728140045
      ],
      [
        0.10688199388156182,
        0.5042593723581238,
        0.3888586337603144
      ],
      [
        0.09911980800987141,
        0.5084829715530197,
        0.39239722043710884
      ],
      [
        0.09409083235750836,
        0.5112164811376597,
        0.3946926865048319
      ],
      [
        0.09082903090341417,
        0.5129882506877697,
        0.39618271840881625
      ],
      [
        0.08858876037370877,
        0.5142055267852961,
        0.3972057128409951
      ],
      [
        0.08707857112749776,
        0.5150262396337009,
        0.39789518923880135
      ],
      [
        0.358571693255725,
        0.35948573098380443,
        0.2819425757604705
      ],
      [
        0.3325927001797861,
        0.37368262175556594,
        0.293724678064648
      ],
      [
        0.30049250093490787,
        0.3911905568706694,
        0.3083169421944227
      ],
      [
        0.2637332715409468,
        0.41120211584452715,
        0.32506461261452607
      ],
      [
        0.22548571285897923,
        0.4319812715119075,
        0.3425330156291133
      ],
      [
        0.19007989135521922,
        0.4511706404757336,
        0.35874946816904724
      ],
      [
        0.1603537473831216,
        0.4672474912373299,
        0.3723987613795484
      ],
      [
        0.1375088921021633,
        0.4795793394470171,
        0.3829117684508196
      ],
      [
        0.12091387856132604,
        0.4885246933269139,
        0.39056142811176003
      ],
      [
        0.10934607846854023,
        0.49475346590860836,
        0.3959004556228514
      ],
      [
        0.10145242938228376,
        0.4990007948783248,
        0.39954677573939146
      ],
      [
        0.09633448498198388,
        0.501752088345707,
        0.4019134266723092
      ],
      [
        0.09301338626675412,
        0.5035363992097615,
        0.40345021452348445
      ],
      [
        0.09073290973328205,
        0.5047619596536527,
        0.40450513061306537
      ],
      [
        0.08919580163676429,
        0.5055881410715631,
        0.40521605729167254
      ],
      [
        0.363986042251638,
        0.34956492356788854,
        0.28644903418047346
      ],
      [
        0.33786810050162064,
        0.3636120502686969,
        0.2985198492296825
      ],
      [
        0.30555149884564,
        0.3809640742620577,
        0.3134844268923023
      ],
      [
        0.2684933747731166,
        0.4008300969363737,
        0.33067652829050964
      ],
      [
        0.22987468246087361,
        0.4214963757888974,
        0.34862894175022896
      ],
      [
        0.19405771767169805,
        0.4406241751772954,
        0.36531810715100654
      ],
      [
        0.16393363060798308,
        0.45668250693255574,
        0.37938386245946115
      ],
      [
        0.14074536220051445,
        0.469023557088543,
        0.3902310807109426
      ],
      [
        0.12387959868241741,
        0.4779887722108657,
        0.3981316291067169
      ],
      [
        0.1121115768614483,
        0.484238466605897,
        0.4036499565326548
      ],
      [
        0.10407595970701244,
        0.4885033503272412,
        0.4074206899657464
      ],
      [
        0.09886149272004742,
        0.4912687614853633,
        0.4098697457945893
      ],
      [
        0.09547587425859523,
        0.4930633815204747,
        0.41146074422093004
      ],
      [
        0.09315170996635168,
        0.4942956458526675,
        0.41255264418098087
      ],
      [
        0.09158537480016962,
        0.4951262127144706,
        0.4132884124853598
      ],
      [
        0.36993058906015913,
        0.33867904059736653,
        0.2913903703424743
      ],
      [
        0.3436523454976398,
        0.35257363456872653,
        0.3037740199336337
      ],
      [
        0.3110891085727034,
        0.3697694730192064,
        0.3191414184080902
      ],
      [
        0.27369327348759204,
        0.38949306980197757,
        0.33681365671043034
      ],
      [
        0.23465833575685568,
        0.41005356055451087,
        0.3552881036886334
      ],
      [
        0.19838345493190443,
        0.42913043879646595,
        0.3724861062716296
      ],
      [
        0.16781848844691846,
        0.44518218270196075,
        0.38699932885112076
      ],
      [
        0.1442513541663659,
        0.45754361052678116,
        0.398205035306853
      ],
      [
        0.12708777051323106,
        0.4665378833938917,
        0.40637434609287726
      ],
      [
        0.11509997565093398,
        0.4728154697515282,
        0.41208455459753784
      ],
      [
        0.106908741173055,
        0.47710291768488017,
        0.41598834114206484
      ],
      [
        0.10158865335832905,
        0.47988589947842614,
        0.4185254471632449
      ],
      [
        0.09813251001838733,
        0.4816931530150059,
        0.4201743369666068
      ],
      [
        0.09576056767988134,
        0.4829336898177364,
        0.4213057425023823
      ],
      [
        0.09416225972645889,
        0.48376969004822556,
        0.4220680502253155
      ],
      [
        0.3760967455052622,
        0.3273732295519688,
        0.2965300249427691
      ],
      [
        0.3496694083646464,
        0.34108314037008924,
        0.3092474512652644
      ],
      [
        0.3168704841610703,
        0.35808348736776424,
        0.3250460284711655
      ],
      [
        0.27914571293716955,
        0.37762042358287234,
        0.34323386347995805
      ],
      [
        0.23969874916848424,
        0.3980303294618597,
        0.36227092136965605
      ],
      [
        0.202963672305958,
        0.4170166304316273,
        0.3800196972624147
      ],
      [
        0.17195052508191577,
        0.4330302628063651,
        0.3950192121117191
      ],
      [
        0.14799471623231314,
        0.4453893298686872,
        0.4066159538989997
      ],
      [
        0.13052363927905125,
        0.45439709167220804,
        0.41507926904874065
      ],
      [
        0.1183078859311294,
        0.46069227122410217,
        0.42099984284476843
      ],
      [
        0.10995475722937038,
        0.46499552581992315,
        0.4250497169507065
      ],
      [
        0.1045243776260785,
        0.4677919366527834,
        0.42768368572113813
      ],
      [
        0.10099441689738847,
        0.469609242127405,
        0.4293963409752064
      ],
      [
        0.09857252062807399,
        0.47085624438534146,
        0.4305712349865846
      ],
      [
        0.0969408050221212,
        0.47169644688602536,
        0.4313627480918534
      ],
      [
        0.38242393281006687,
        0.31576485057018056,
        0.3018112166197525
      ],
      [
        0.35585264387739474,
        0.3292712775249887,
        0.31487607859761657
      ],
      [
        0.3228225437397483,
        0.34605322620135226,
        0.3311242300588995
      ],
      [
        0.2847716452529231,
        0.3653777984950241,
        0.3498505562520528
      ],
      [
        0.24491252802573382,
        0.38561116771875,
        0.36947630425551625
      ],
      [
        0.20771332502457918,
        0.4044839939704018,
        0.38780268100501897
      ],
      [
        0.17624539602060904,
        0.4204413668948943,
        0.40331323708449657
      ],
      [
        0.15189327534950742,
        0.4327850201811687,
        0.41532170446932387
      ],
      [
        0.13410760320945098,
        0.4417973555025252,
        0.4240950412880238
      ],
      [
        0.12165806161906899,
        0.4481042432463036,
        0.43023769513462745
      ],
      [
        0.11313863933841593,
        0.45241944926267247,
        0.43444191139891164
      ],
      [
        0.10759474924941645,
        0.45522693185986735,
        0.43717831889071623
      ],
      [
        0.10398872316451614,
        0.45705282246574064,
        0.4389584543697432
      ],
      [
        0.10151538113010103,
        0.45830526260094345,
        0.4401793562689554
      ],
      [
        0.09984927167768506,
        0.459148966979148,
        0.441001761343167
      ],
      [
        0.3888763894372683,
        0.30392688574964416,
        0.3071967248130875
      ],
      [
        0.3621579507883912,
        0.3172263616213404,
        0.3206156875902685
      ],
      [
        0.32889165789849095,
        0.3337863476468486,
        0.3373219944546605
      ],
      [
        0.2905076719863603,
        0.3528952916302441,
        0.3565970363833956
      ],
      [
        0.25022773203920107,
        0.37294968387436456,
        0.37682258408643443
      ],
      [
        0.2125547800197826,
        0.3917078422638115,
        0.3957373777164059
      ],
      [
        0.18062274966102665,
        0.4076087778724014,
        0.411768472466572
      ],
      [
        0.155866276631071,
        0.41993746209406263,
        0.42419626127486654
      ],
      [
        0.13775967410386578,
        0.42895502035555666,
        0.43328530554057754
      ],
      [
        0.12507166268734415,
        0.43527424398187875,
        0.4396540933307771
      ],
      [
        0.11638262923907257,
        0.4396019106942351,
        0.44401546006669224
      ],
      [
        0.11072297512174732,
        0.44242086267897096,
        0.4468561621992817
      ],
      [
        0.10703937833972432,
        0.4442556246760616,
        0.448704996984214
      ],
      [
        0.1045135709233986,
        0.4455136900243463,
        0.44997273905225504
      ],
      [
        0.10281238535172545,
        0.44636101928363997,
        0.4508265953646346
      ],
      [
        0.3950008056859656,
        0.2926704999978628,
        0.3123286943161716
      ],
      [
        0.3681680550252592,
        0.3057341584647178,
        0.326097786510023
      ],
      [
        0.3347077096206898,
        0.32203299771738764,
        0.34325929266192257
      ],
      [
        0.29603999858615454,
        0.3408778722736362,
        0.3630821291402092
      ],
      [
        0.2553911489010714,
        0.3606991674260781,
        0.3839096836728506
      ],
      [
        0.21729206520430538,
        0.3792890567956447,
        0.4034188780000499
      ],
      [
        0.18493466218345622,
        0.39508638991997763,
        0.41997894789656615
      ],
      [
        0.1598021119905492,
        0.40736268779542983,
        0.43283520021402105
      ],
      [
        0.1413939859314926,
        0.4163578032588561,
        0.4422482108096513
      ],
      [
        0.12848030506562036,
        0.4226698865260575,
        0.44884980840832206
      ],
      [
        0.11963002075935215,
        0.4269966567006108,
        0.45337332254003704
      ],
      [
        0.11385967077070777,
        0.429818384740063,
        0.45632194448922925
      ],
      [
        0.11010162900628641,
        0.43165637177569705,
        0.4582419992180165
      ],
      [
        0.10752555500232892,
        0.432916187321158,
        0.45955825767651304
      ],
      [
        0.10579079663522901,
        0.4337645288383886,
        0.4604446745263824
      ],
      [
        0.40106917659702446,
        0.2815242143495209,
        0.31740660905345464
      ],
      [
        0.3741142081603413,
        0.29436815556144214,
        0.3315176362782166
      ],
      [
        0.34045090199516215,
        0.31042617325246546,
        0.3491229247523724
      ],
      [
        0.3014905112973097,
        0.32903058759413806,
        0.36947890110855225
      ],
      [
        0.26046519379023847,
        0.3486435705094269,
        0.3908912357003347
      ],
      [
        0.2219353726985559,
        0.3670881376412273,
        0.4109764896602168
      ],
      [
        0.18915095312591415,
        0.38280092908395374,
        0.42804811779013213
      ],
      [
        0.16364288276357514,
        0.3950392071622452,
        0.44131791007417975
      ],
      [
        0.14493478396567186,
        0.4040220907102164,
        0.4510431253241118
      ],
      [
        0.13179717966549634,
        0.41033400349354165,
        0.4578688168409619
      ],
      [
        0.12278715954846063,
        0.4146645563814015,
        0.4625482840701378
      ],
      [
        0.11690738268648178,
        0.41749202124631923,
        0.4656005960671989
      ],
      [
        0.11307584605843245,
        0.41933512053099503,
        0.46758903341057256
      ],
      [
        0.11045011682399794,
        0.42059799310533874,
        0.46895189007066335
      ],
      [
        0.10868218205530722,
        0.421448232202095,
        0.4698695857425979
      ],
      [
        0.40653432581819,
        0.27146745175637693,
        0.3219982224254331
      ],
      [
        0.3794927745205801,
        0.2840768547916775,
        0.3364303706877424
      ],
      [
        0.345674814787394,
        0.299870669229334,
        0.35445451598327204
      ],
      [
        0.30648136813543064,
        0.31820242843142776,
        0.37531620343314165
      ],
      [
        0.2651460427727151,
        0.33756762770508913,
        0.3972863295221958
      ],
      [
        0.22625105096905093,
        0.35582419620835,
        0.4179247528225991
      ],
      [
        0.19309701526770492,
        0.3714123175999309,
        0.4354906671323643
      ],
      [
        0.16725867477502368,
        0.38357899885826674,
        0.4491623263667096
      ],
      [
        0.1482838529832748,
        0.3925238665720283,
        0.45919228044469695
      ],
      [
        0.13494560022767235,
        0.398816946959123,
        0.4662374528132046
      ],
      [
        0.12579173840151084,
        0.40313824766436573,
        0.47107001393412345
      ],
      [
        0.11981281356319255,
        0.40596276731783776,
        0.4742244191189697
      ],
      [
        0.11591442730948426,
        0.4078052558112301,
        0.4762803168792856
      ],
      [
        0.11324361326739518,
        0.4090672851401445,
        0.4776891015924603
      ],
      [
        0.11144558772979339,
        0.40991680207374936,
        0.47863761019645723
      ],
      [
        0.4116259900278897,
        0.26209826188260127,
        0.3262757480895091
      ],
      [
        0.384503441181306,
        0.2744896496519743,
        0.3410069091667197
      ],
      [
        0.35054102821701405,
        0.2900379100022582,
        0.3594210617807278
      ],
      [
        0.31113008543873016,
        0.30811629851144906,
        0.3807536160498208
      ],
      [
        0.2695056284393521,
        0.3272512833626092,
        0.40324308819803867
      ],
      [
        0.23027022576332898,
        0.3453332317455873,
        0.4243965424910838
      ],
      [
        0.1967717464535067,
        0.36080559527220835,
        0.442422658274285
      ],
      [
        0.17062569816115397,
        0.3729058313741046,
        0.4564684704647415
      ],
      [
        0.15140240954888867,
        0.3818154430189923,
        0.466782147432119
      ],
      [
        0.1378772593110268,
        0.388091075926314,
        0.4740316647626593
      ],
      [
        0.12858942117121244,
        0.392403816448105,
        0.4790067623806826
      ],
      [
        0.1225181544989023,
        0.39522562472452805,
        0.4822562207765696
      ],
      [
        0.11855751000372225,
        0.3970675626371149,
        0.4843749273591628
      ],
      [
        0.11584470691734523,
        0.39832881989481994,
        0.48582647318783484
      ],
      [
        0.1140186565272866,
        0.3991776734683882,
        0.4868036700043251
      ]
    ]
  },
  "configuration": {
    "sigmoid_params": [
      {
        "alpha": 1.5,
        "beta": 6.0,
        "gamma": 0.3
      },
      {
        "alpha": 0.8,
        "beta": 3.0,
        "gamma": 0.7
      }
    ],
    "special_horse_ability": 0.4
  },
  "quality_metrics": {
    "symmetry_score": 0.6778168031440925,
    "volume_preservation_score": 0.1550814271957468,
    "smoothness_score": 0.9511350128008114,
    "coverage_score": 0.3680361976583679,
    "invertibility_score": 0.0,
    "overall_score": 0.0
  }
}