{
  "metadata": {
    "resolution": 15,
    "k_dimension": 2,
    "total_points": 225,
    "export_timestamp": "2026-05-24T02:01:25"
  },
  "mapping_data": {
    "cube_points": [
      [
        0.0,
        0.0
      ],
      [
        0.07142857142857142,
        0.0
      ],
      [
        0.14285714285714285,
        0.0
      ],
      [
        0.21428571428571427,
        0.0
      ],
      [
        0.2857142857142857,
        0.0
      ],
      [
        0.3571428571428571,
        0.0
      ],
      [
        0.42857142857142855,
        0.0
      ],
      [
        0.5,
        0.0
      ],
      [
        0.5714285714285714,
        0.0
      ],
      [
        0.6428571428571428,
        0.0
      ],
      [
        0.7142857142857142,
        0.0
      ],
      [
        0.7857142857142857,
        0.0
      ],
      [
        0.8571428571428571,
        0.0
      ],
      [
        0.9285714285714285,
        0.0
      ],
      [
        1.0,
        0.0
      ],
      [
        0.0,
        0.07142857142857142
      ],
      [
        0.07142857142857142,
        0.07142857142857142
      ],
      [
        0.14285714285714285,
        0.07142857142857142
      ],
      [
        0.21428571428571427,
        0.07142857142857142
      ],
      [
        0.2857142857142857,
        0.07142857142857142
      ],
      [
        0.3571428571428571,
        0.07142857142857142
      ],
      [
        0.42857142857142855,
        0.07142857142857142
      ],
      [
        0.5,
        0.07142857142857142
      ],
      [
        0.5714285714285714,
        0.07142857142857142
      ],
      [
        0.6428571428571428,
        0.07142857142857142
      ],
      [
        0.7142857142857142,
        0.07142857142857142
      ],
      [
        0.7857142857142857,
        0.07142857142857142
      ],
      [
        0.8571428571428571,
        0.07142857142857142
      ],
      [
        0.9285714285714285,
        0.07142857142857142
      ],
      [
        1.0,
        0.07142857142857142
      ],
      [
        0.0,
        0.14285714285714285
      ],
      [
        0.07142857142857142,
        0.14285714285714285
      ],
      [
        0.14285714285714285,
        0.14285714285714285
      ],
      [
        0.21428571428571427,
        0.14285714285714285
      ],
      [
        0.2857142857142857,
        0.14285714285714285
      ],
      [
        0.3571428571428571,
        0.14285714285714285
      ],
      [
        0.42857142857142855,
        0.14285714285714285
      ],
      [
        0.5,
        0.14285714285714285
      ],
      [
        0.5714285714285714,
        0.14285714285714285
      ],
      [
        0.6428571428571428,
        0.14285714285714285
      ],
      [
        0.7142857142857142,
        0.14285714285714285
      ],
      [
        0.7857142857142857,
        0.14285714285714285
      ],
      [
        0.8571428571428571,
        0.14285714285714285
      ],
      [
        0.9285714285714285,
        0.14285714285714285
      ],
      [
        1.0,
        0.14285714285714285
      ],
      [
        0.0,
        0.21428571428571427
      ],
      [
        0.07142857142857142,
        0.21428571428571427
      ],
      [
        0.14285714285714285,
        0.21428571428571427
      ],
      [
        0.21428571428571427,
        0.21428571428571427
      ],
      [
        0.2857142857142857,
        0.21428571428571427
      ],
      [
        0.3571428571428571,
        0.21428571428571427
      ],
      [
        0.42857142857142855,
        0.21428571428571427
      ],
      [
        0.5,
        0.21428571428571427
      ],
      [
        0.5714285714285714,
        0.21428571428571427
      ],
      [
        0.6428571428571428,
        0.21428571428571427
      ],
      [
        0.7142857142857142,
        0.21428571428571427
      ],
      [
        0.7857142857142857,
        0.21428571428571427
      ],
      [
        0.8571428571428571,
        0.21428571428571427
      ],
      [
        0.9285714285714285,
        0.21428571428571427
      ],
      [
        1.0,
        0.21428571428571427
      ],
      [
        0.0,
        0.2857142857142857
      ],
      [
        0.07142857142857142,
        0.2857142857142857
      ],
      [
        0.14285714285714285,
        0.2857142857142857
      ],
      [
        0.21428571428571427,
        0.2857142857142857
      ],
      [
        0.2857142857142857,
        0.2857142857142857
      ],
      [
        0.3571428571428571,
        0.2857142857142857
      ],
      [
        0.42857142857142855,
        0.2857142857142857
      ],
      [
        0.5,
        0.2857142857142857
      ],
      [
        0.5714285714285714,
        0.2857142857142857
      ],
      [
        0.6428571428571428,
        0.2857142857142857
      ],
      [
        0.7142857142857142,
        0.2857142857142857
      ],
      [
        0.7857142857142857,
        0.2857142857142857
      ],
      [
        0.8571428571428571,
        0.2857142857142857
      ],
      [
        0.9285714285714285,
        0.2857142857142857
      ],
      [
        1.0,
        0.2857142857142857
      ],
      [
        0.0,
        0.3571428571428571
      ],
      [
        0.07142857142857142,
        0.3571428571428571
      ],
      [
        0.14285714285714285,
        0.3571428571428571
      ],
      [
        0.21428571428571427,
        0.3571428571428571
      ],
      [
        0.2857142857142857,
        0.3571428571428571
      ],
      [
        0.3571428571428571,
        0.3571428571428571
      ],
      [
        0.42857142857142855,
        0.3571428571428571
      ],
      [
        0.5,
        0.3571428571428571
      ],
      [
        0.5714285714285714,
        0.3571428571428571
      ],
      [
        0.6428571428571428,
        0.3571428571428571
      ],
      [
        0.7142857142857142,
        0.3571428571428571
      ],
      [
        0.7857142857142857,
        0.3571428571428571
      ],
      [
        0.8571428571428571,
        0.3571428571428571
      ],
      [
        0.9285714285714285,
        0.3571428571428571
      ],
      [
        1.0,
        0.3571428571428571
      ],
      [
        0.0,
        0.42857142857142855
      ],
      [
        0.07142857142857142,
        0.42857142857142855
      ],
      [
        0.14285714285714285,
        0.42857142857142855
      ],
      [
        0.21428571428571427,
        0.42857142857142855
      ],
      [
        0.2857142857142857,
        0.42857142857142855
      ],
      [
        0.3571428571428571,
        0.42857142857142855
      ],
      [
        0.42857142857142855,
        0.42857142857142855
      ],
      [
        0.5,
        0.42857142857142855
      ],
      [
        0.5714285714285714,
        0.42857142857142855
      ],
      [
        0.6428571428571428,
        0.42857142857142855
      ],
      [
        0.7142857142857142,
        0.42857142857142855
      ],
      [
        0.7857142857142857,
        0.42857142857142855
      ],
      [
        0.8571428571428571,
        0.42857142857142855
      ],
      [
        0.9285714285714285,
        0.42857142857142855
      ],
      [
        1.0,
        0.42857142857142855
      ],
      [
        0.0,
        0.5
      ],
      [
        0.07142857142857142,
        0.5
      ],
      [
        0.14285714285714285,
        0.5
      ],
      [
        0.21428571428571427,
        0.5
      ],
      [
        0.2857142857142857,
        0.5
      ],
      [
        0.3571428571428571,
        0.5
      ],
      [
        0.42857142857142855,
        0.5
      ],
      [
        0.5,
        0.5
      ],
      [
        0.5714285714285714,
        0.5
      ],
      [
        0.6428571428571428,
        0.5
      ],
      [
        0.7142857142857142,
        0.5
      ],
      [
        0.7857142857142857,
        0.5
      ],
      [
        0.8571428571428571,
        0.5
      ],
      [
        0.9285714285714285,
        0.5
      ],
      [
        1.0,
        0.5
      ],
      [
        0.0,
        0.5714285714285714
      ],
      [
        0.07142857142857142,
        0.5714285714285714
      ],
      [
        0.14285714285714285,
        0.5714285714285714
      ],
      [
        0.21428571428571427,
        0.5714285714285714
      ],
      [
        0.2857142857142857,
        0.5714285714285714
      ],
      [
        0.3571428571428571,
        0.5714285714285714
      ],
      [
        0.42857142857142855,
        0.5714285714285714
      ],
      [
        0.5,
        0.5714285714285714
      ],
      [
        0.5714285714285714,
        0.5714285714285714
      ],
      [
        0.6428571428571428,
        0.5714285714285714
      ],
      [
        0.7142857142857142,
        0.5714285714285714
      ],
      [
        0.7857142857142857,
        0.5714285714285714
      ],
      [
        0.8571428571428571,
        0.5714285714285714
      ],
      [
        0.9285714285714285,
        0.5714285714285714
      ],
      [
        1.0,
        0.5714285714285714
      ],
      [
        0.0,
        0.6428571428571428
      ],
      [
        0.07142857142857142,
        0.6428571428571428
      ],
      [
        0.14285714285714285,
        0.6428571428571428
      ],
      [
        0.21428571428571427,
        0.6428571428571428
      ],
      [
        0.2857142857142857,
        0.6428571428571428
      ],
      [
        0.3571428571428571,
        0.6428571428571428
      ],
      [
        0.42857142857142855,
        0.6428571428571428
      ],
      [
        0.5,
        0.6428571428571428
      ],
      [
        0.5714285714285714,
        0.6428571428571428
      ],
      [
        0.6428571428571428,
        0.6428571428571428
      ],
      [
        0.7142857142857142,
        0.6428571428571428
      ],
      [
        0.7857142857142857,
        0.6428571428571428
      ],
      [
        0.8571428571428571,
        0.6428571428571428
      ],
      [
        0.9285714285714285,
        0.6428571428571428
      ],
      [
        1.0,
        0.6428571428571428
      ],
      [
        0.0,
        0.7142857142857142
      ],
      [
        0.07142857142857142,
        0.7142857142857142
      ],
      [
        0.14285714285714285,
        0.7142857142857142
      ],
      [
        0.21428571428571427,
        0.7142857142857142
      ],
      [
        0.2857142857142857,
        0.7142857142857142
      ],
      [
        0.3571428571428571,
        0.7142857142857142
      ],
      [
        0.42857142857142855,
        0.7142857142857142
      ],
      [
        0.5,
        0.7142857142857142
      ],
      [
        0.5714285714285714,
        0.7142857142857142
      ],
      [
        0.6428571428571428,
        0.7142857142857142
      ],
      [
        0.7142857142857142,
        0.7142857142857142
      ],
      [
        0.7857142857142857,
        0.7142857142857142
      ],
      [
        0.8571428571428571,
        0.7142857142857142
      ],
      [
        0.9285714285714285,
        0.7142857142857142
      ],
      [
        1.0,
        0.7142857142857142
      ],
      [
        0.0,
        0.7857142857142857
      ],
      [
        0.07142857142857142,
        0.7857142857142857
      ],
      [
        0.14285714285714285,
        0.7857142857142857
      ],
      [
        0.21428571428571427,
        0.7857142857142857
      ],
      [
        0.2857142857142857,
        0.7857142857142857
      ],
      [
        0.3571428571428571,
        0.7857142857142857
      ],
      [
        0.42857142857142855,
        0.7857142857142857
      ],
      [
        0.5,
        0.7857142857142857
      ],
      [
        0.5714285714285714,
        0.7857142857142857
      ],
      [
        0.6428571428571428,
        0.7857142857142857
      ],
      [
        0.7142857142857142,
        0.7857142857142857
      ],
      [
        0.7857142857142857,
        0.7857142857142857
      ],
      [
        0.8571428571428571,
        0.7857142857142857
      ],
      [
        0.9285714285714285,
        0.7857142857142857
      ],
      [
        1.0,
        0.7857142857142857
      ],
      [
        0.0,
        0.8571428571428571
      ],
      [
        0.07142857142857142,
        0.8571428571428571
      ],
      [
        0.14285714285714285,
        0.8571428571428571
      ],
      [
        0.21428571428571427,
        0.8571428571428571
      ],
      [
        0.2857142857142857,
        0.8571428571428571
      ],
      [
        0.3571428571428571,
        0.8571428571428571
      ],
      [
        0.42857142857142855,
        0.8571428571428571
      ],
      [
        0.5,
        0.8571428571428571
      ],
      [
        0.5714285714285714,
        0.8571428571428571
      ],
      [
        0.6428571428571428,
        0.8571428571428571
      ],
      [
        0.7142857142857142,
        0.8571428571428571
      ],
      [
        0.7857142857142857,
        0.8571428571428571
      ],
      [
        0.8571428571428571,
        0.8571428571428571
      ],
      [
        0.9285714285714285,
        0.8571428571428571
      ],
      [
        1.0,
        0.8571428571428571
      ],
      [
        0.0,
        0.9285714285714285
      ],
      [
        0.07142857142857142,
        0.9285714285714285
      ],
      [
        0.14285714285714285,
        0.9285714285714285
      ],
      [
        0.21428571428571427,
        0.9285714285714285
      ],
      [
        0.2857142857142857,
        0.9285714285714285
      ],
      [
        0.3571428571428571,
        0.9285714285714285
      ],
      [
        0.42857142857142855,
        0.9285714285714285
      ],
      [
        0.5,
        0.9285714285714285
      ],
      [
        0.5714285714285714,
        0.9285714285714285
      ],
      [
        0.6428571428571428,
        0.9285714285714285
      ],
      [
        0.7142857142857142,
        0.9285714285714285
      ],
      [
        0.7857142857142857,
        0.9285714285714285
      ],
      [
        0.8571428571428571,
        0.9285714285714285
      ],
      [
        0.9285714285714285,
        0.9285714285714285
      ],
      [
        1.0,
        0.9285714285714285
      ],
      [
        0.0,
        1.0
      ],
      [
        0.07142857142857142,
        1.0
      ],
      [
        0.14285714285714285,
        1.0
      ],
      [
        0.21428571428571427,
        1.0
      ],
      [
        0.2857142857142857,
        1.0
      ],
      [
        0.3571428571428571,
        1.0
      ],
      [
        0.42857142857142855,
        1.0
      ],
      [
        0.5,
        1.0
      ],
      [
        0.5714285714285714,
        1.0
      ],
      [
        0.6428571428571428,
        1.0
      ],
      [
        0.7142857142857142,
        1.0
      ],
      [
        0.7857142857142857,
        1.0
      ],
      [
        0.8571428571428571,
        1.0
      ],
      [
        0.9285714285714285,
        1.0
      ],
      [
        1.0,
        1.0
      ]
    ],
    "simplex_points": [
      [
        0.3128647424553575,
        0.3128647424553575,
        0.37427051508928494
      ],
      [
        0.3018412450319114,
        0.3179934148646606,
        0.380165340103428
      ],
      [
        0.2888551710074074,
        0.3240419114990043,
        0.38710291749358844
      ],
      [
        0.27349222110259136,
        0.33119893057413113,
        0.3953088483232775
      ],
      [
        0.25656423356523667,
        0.33909571892814583,
        0.4043400475066175
      ],
      [
        0.2380142170347922,
        0.34775387148207904,
        0.4142319114831287
      ],
      [
        0.21868396262747622,
        0.35678396103429383,
        0.4245320763382299
      ],
      [
        0.19948094999978033,
        0.36576335525610687,
        0.4347556947441128
      ],
      [
        0.18165505585124314,
        0.37410995026387606,
        0.4442349938848808
      ],
      [
        0.1654792647375036,
        0.3816906567196925,
        0.4528300785428038
      ],
      [
        0.15130061423459912,
        0.3883405226198059,
        0.460358863145595
      ],
      [
        0.1391036389247222,
        0.3940639315763906,
        0.46683242949888715
      ],
      [
        0.12948136298911958,
        0.3985844391429453,
        0.47193419786793506
      ],
      [
        0.1215084515747081,
        0.40233067455917915,
        0.4761608738661127
      ],
      [
        0.11545921671225862,
        0.40517561277292674,
        0.47936517051481464
      ],
      [
        0.3179934148646606,
        0.3018412450319114,
        0.380165340103428
      ],
      [
        0.3068967509771023,
        0.3068967509771023,
        0.3862064980457953
      ],
      [
        0.2938116192692895,
        0.31286712180424153,
        0.39332125892646896
      ],
      [
        0.2783286891127564,
        0.3199334631205171,
        0.40173784776672644
      ],
      [
        0.26124746381132247,
        0.32774344894316465,
        0.4110090872455129
      ],
      [
        0.24252001842074541,
        0.3363123793115908,
        0.4211676022676638
      ],
      [
        0.22298904805861958,
        0.34525929670463257,
        0.4317516552367478
      ],
      [
        0.2035684637020913,
        0.35416728706672823,
        0.44226424923118046
      ],
      [
        0.18551672168109248,
        0.362462261007813,
        0.45202101731109456
      ],
      [
        0.169121109769303,
        0.3700052129714322,
        0.46087367725926476
      ],
      [
        0.15473828572421372,
        0.3766289838583634,
        0.46863273041742287
      ],
      [
        0.14235896616704158,
        0.38233402378163406,
        0.47530701005132436
      ],
      [
        0.1325805730626111,
        0.38684746615727045,
        0.48057196078011843
      ],
      [
        0.1244768955470248,
        0.3905886976924077,
        0.48493440676056754
      ],
      [
        0.11832225468233247,
        0.393433569467485,
        0.48824417585018254
      ],
      [
        0.3240419114990043,
        0.2888551710074074,
        0.38710291749358844
      ],
      [
        0.31286712180424153,
        0.2938116192692895,
        0.39332125892646896
      ],
      [
        0.2996744542480689,
        0.2996744542480689,
        0.4006510915038623
      ],
      [
        0.2840609358908163,
        0.3066155648879134,
        0.4093234992212703
      ],
      [
        0.26681028947654717,
        0.31430256603829154,
        0.41888714448516134
      ],
      [
        0.24788557823570154,
        0.32274352074591206,
        0.42937090101838643
      ],
      [
        0.2281296872427008,
        0.3315683922433505,
        0.4403019205139486
      ],
      [
        0.20846332655378164,
        0.34036815274633164,
        0.45116852069988667
      ],
      [
        0.1901538847972948,
        0.34857979165333147,
        0.46126632354937375
      ],
      [
        0.17350588630596744,
        0.3560578237123685,
        0.47043628998166404
      ],
      [
        0.15888745415080527,
        0.3626329680003276,
        0.4784795778488671
      ],
      [
        0.14629704829717866,
        0.36830101154962086,
        0.4854019401532005
      ],
      [
        0.136336660724361,
        0.37279412584805094,
        0.490869213427588
      ],
      [
        0.1280803982710538,
        0.37651953372457914,
        0.4954000680043671
      ],
      [
        0.12180212610421683,
        0.3793568830225898,
        0.4988409908731934
      ],
      [
        0.33119893057413113,
        0.27349222110259136,
        0.3953088483232775
      ],
      [
        0.3199334631205171,
        0.2783286891127564,
        0.40173784776672644
      ],
      [
        0.3066155648879134,
        0.2840609358908163,
        0.4093234992212703
      ],
      [
        0.2908498911690273,
        0.2908498911690273,
        0.4183002176619454
      ],
      [
        0.27340122999321154,
        0.2983868798697869,
        0.42821189013700156
      ],
      [
        0.2542457076477059,
        0.3066714465555091,
        0.439082845796785
      ],
      [
        0.23422624537343123,
        0.31534667647865633,
        0.4504270781479125
      ],
      [
        0.21427142782226946,
        0.32401312130075016,
        0.46171545087698035
      ],
      [
        0.19565895523006183,
        0.3321212325722759,
        0.47221981219766235
      ],
      [
        0.17871382403140054,
        0.3395179717459594,
        0.4817682042226401
      ],
      [
        0.1638177482498025,
        0.3460316550696317,
        0.4901505966805658
      ],
      [
        0.15097844751529185,
        0.35165254959937586,
        0.49736900288533237
      ],
      [
        0.14080318695606522,
        0.35611896617890615,
        0.5030778468650287
      ],
      [
        0.1323667424167588,
        0.3598234626223543,
        0.507809794960887
      ],
      [
        0.12594233819539125,
        0.36265026651503923,
        0.5114073952895695
      ],
      [
        0.33909571892814583,
        0.25656423356523667,
        0.4043400475066175
      ],
      [
        0.32774344894316465,
        0.26124746381132247,
        0.4110090872455129
      ],
      [
        0.31430256603829154,
        0.26681028947654717,
        0.41888714448516134
      ],
      [
        0.2983868798697869,
        0.27340122999321154,
        0.42821189013700156
      ],
      [
        0.28073843430046486,
        0.28073843430046486,
        0.4385231313990703
      ],
      [
        0.26134816225225405,
        0.2888124901415021,
        0.44983934760624383
      ],
      [
        0.24105763443137898,
        0.29728241062446936,
        0.46165995494415163
      ],
      [
        0.22080283237603615,
        0.30576118511161776,
        0.47343598251234614
      ],
      [
        0.20187087361399736,
        0.31371677527357467,
        0.48441235111242803
      ],
      [
        0.18460984335173272,
        0.32098881356354253,
        0.4944013430847247
      ],
      [
        0.1694165949735792,
        0.327403863829207,
        0.5031795411972138
      ],
      [
        0.15630977405739083,
        0.33294615991480253,
        0.5107440660278066
      ],
      [
        0.14590142716759877,
        0.3373621322830019,
        0.5167364405493994
      ],
      [
        0.13726928640311575,
        0.34102617348890285,
        0.5217045401079814
      ],
      [
        0.13068509456945326,
        0.34382819994954356,
        0.5254867054810033
      ],
      [
        0.34775387148207904,
        0.2380142170347922,
        0.4142319114831287
      ],
      [
        0.3363123793115908,
        0.24252001842074541,
        0.4211676022676638
      ],
      [
        0.32274352074591206,
        0.24788557823570154,
        0.42937090101838643
      ],
      [
        0.3066714465555091,
        0.2542457076477059,
        0.439082845796785
      ],
      [
        0.2888124901415021,
        0.26134816225225405,
        0.44983934760624383
      ],
      [
        0.26917396178728364,
        0.26917396178728364,
        0.4616520764254327
      ],
      [
        0.24859533980540832,
        0.2774002081853379,
        0.4740044520092538
      ],
      [
        0.22802012995133344,
        0.28565437093635154,
        0.486325499112315
      ],
      [
        0.20874488239817912,
        0.293424806981783,
        0.49783031062003785
      ],
      [
        0.19114318345312342,
        0.3005436431705886,
        0.508313173376288
      ],
      [
        0.17562852958118805,
        0.306835973018551,
        0.5175354974002611
      ],
      [
        0.16223185334021975,
        0.3122794810367879,
        0.5254886656229923
      ],
      [
        0.15156996484356186,
        0.31663010963284693,
        0.5317999255235912
      ],
      [
        0.14272484159100884,
        0.3202414738306819,
        0.5370336845783092
      ],
      [
        0.1359662483858888,
        0.32301000282608794,
        0.5410237487880232
      ],
      [
        0.35678396103429383,
        0.21868396262747622,
        0.4245320763382299
      ],
      [
        0.34525929670463257,
        0.22298904805861958,
        0.4317516552367478
      ],
      [
        0.3315683922433505,
        0.2281296872427008,
        0.4403019205139486
      ],
      [
        0.31534667647865633,
        0.23422624537343123,
        0.4504270781479125
      ],
      [
        0.29728241062446936,
        0.24105763443137898,
        0.46165995494415163
      ],
      [
        0.2774002081853379,
        0.24859533980540832,
        0.4740044520092538
      ],
      [
        0.25653635536949654,
        0.25653635536949654,
        0.4869272892610069
      ],
      [
        0.23564122970786316,
        0.26452465495218846,
        0.4998341153399483
      ],
      [
        0.2160197309317445,
        0.2720718556971029,
        0.5119084133711526
      ],
      [
        0.19807233279300007,
        0.27900317461009055,
        0.5229244925969093
      ],
      [
        0.18222995301483547,
        0.28514294375858873,
        0.5326271032265758
      ],
      [
        0.16853684441280772,
        0.29046214563072875,
        0.5410010099564636
      ],
      [
        0.15761398345114364,
        0.2947276570812865,
        0.5476583594675699
      ],
      [
        0.1485494467053363,
        0.2982700095298056,
        0.553180543764858
      ],
      [
        0.1416103457684064,
        0.30099287663388186,
        0.5573967775977118
      ],
      [
        0.36576335525610687,
        0.19948094999978033,
        0.4347556947441128
      ],
      [
        0.35416728706672823,
        0.2035684637020913,
        0.44226424923118046
      ],
      [
        0.34036815274633164,
        0.20846332655378164,
        0.45116852069988667
      ],
      [
        0.32401312130075016,
        0.21427142782226946,
        0.46171545087698035
      ],
      [
        0.30576118511161776,
        0.22080283237603615,
        0.47343598251234614
      ],
      [
        0.28565437093635154,
        0.22802012995133344,
        0.486325499112315
      ],
      [
        0.26452465495218846,
        0.23564122970786316,
        0.4998341153399483
      ],
      [
        0.2433281248131193,
        0.2433281248131193,
        0.5133437503737615
      ],
      [
        0.22337626494440022,
        0.2506178377969357,
        0.5260058972586641
      ],
      [
        0.2050965619926111,
        0.25732987918581085,
        0.5375735588215781
      ],
      [
        0.18893729920921792,
        0.26328877618660806,
        0.547773924604174
      ],
      [
        0.1749565359033139,
        0.26845905415284343,
        0.5565844099438426
      ],
      [
        0.1637784561082606,
        0.27261962680109597,
        0.5636019170906434
      ],
      [
        0.15449912148462383,
        0.27607650563932556,
        0.5694243728760506
      ],
      [
        0.14738232260179096,
        0.2787410675591171,
        0.573876609839092
      ],
      [
        0.37410995026387606,
        0.18165505585124314,
        0.4442349938848808
      ],
      [
        0.362462261007813,
        0.18551672168109248,
        0.45202101731109456
      ],
      [
        0.34857979165333147,
        0.1901538847972948,
        0.46126632354937375
      ],
      [
        0.3321212325722759,
        0.19565895523006183,
        0.47221981219766235
      ],
      [
        0.31371677527357467,
        0.20187087361399736,
        0.48441235111242803
      ],
      [
        0.293424806981783,
        0.20874488239817912,
        0.49783031062003785
      ],
      [
        0.2720718556971029,
        0.2160197309317445,
        0.5119084133711526
      ],
      [
        0.2506178377969357,
        0.22337626494440022,
        0.5260058972586641
      ],
      [
        0.2303780868926178,
        0.2303780868926178,
        0.5392438262147644
      ],
      [
        0.21180544087132952,
        0.23684116479584896,
        0.5513533943328215
      ],
      [
        0.19536431498283693,
        0.24259159787113083,
        0.5620440871460322
      ],
      [
        0.18112629583265583,
        0.24758831155799227,
        0.5712853926093518
      ],
      [
        0.16971729198588964,
        0.2516229298069638,
        0.5786597782071465
      ],
      [
        0.16024330620124283,
        0.25497674864593495,
        0.5847799451528222
      ],
      [
        0.15296413717274973,
        0.2575689147252123,
        0.5894669481020379
      ],
      [
        0.3816906567196925,
        0.1654792647375036,
        0.4528300785428038
      ],
      [
        0.3700052129714322,
        0.169121109769303,
        0.46087367725926476
      ],
      [
        0.3560578237123685,
        0.17350588630596744,
        0.47043628998166404
      ],
      [
        0.3395179717459594,
        0.17871382403140054,
        0.4817682042226401
      ],
      [
        0.32098881356354253,
        0.18460984335173272,
        0.4944013430847247
      ],
      [
        0.3005436431705886,
        0.19114318345312342,
        0.508313173376288
      ],
      [
        0.27900317461009055,
        0.19807233279300007,
        0.5229244925969093
      ],
      [
        0.25732987918581085,
        0.2050965619926111,
        0.5375735588215781
      ],
      [
        0.23684116479584896,
        0.21180544087132952,
        0.5513533943328215
      ],
      [
        0.21801296711680365,
        0.21801296711680365,
        0.5639740657663928
      ],
      [
        0.20132430473324886,
        0.22354762484519533,
        0.5751280704215559
      ],
      [
        0.1868594531508741,
        0.228363590647764,
        0.5847769562013618
      ],
      [
        0.17524508794328644,
        0.2322649719916736,
        0.59248994006504
      ],
      [
        0.16559780331713153,
        0.23550951311957702,
        0.5988926835632915
      ],
      [
        0.15817320520620223,
        0.23802376354473312,
        0.6038030312490646
      ],
      [
        0.3883405226198059,
        0.15130061423459912,
        0.460358863145595
      ],
      [
        0.3766289838583634,
        0.15473828572421375,
        0.46863273041742287
      ],
      [
        0.3626329680003276,
        0.15888745415080527,
        0.4784795778488671
      ],
      [
        0.3460316550696317,
        0.1638177482498025,
        0.4901505966805658
      ],
      [
        0.327403863829207,
        0.1694165949735792,
        0.5031795411972138
      ],
      [
        0.306835973018551,
        0.17562852958118805,
        0.5175354974002611
      ],
      [
        0.28514294375858873,
        0.18222995301483547,
        0.5326271032265758
      ],
      [
        0.26328877618660806,
        0.18893729920921792,
        0.547773924604174
      ],
      [
        0.24259159787113083,
        0.19536431498283693,
        0.5620440871460322
      ],
      [
        0.22354762484519533,
        0.20132430473324886,
        0.5751280704215559
      ],
      [
        0.20664862791297467,
        0.20664862791297467,
        0.5867027441740506
      ],
      [
        0.19199030968995198,
        0.21128759901046582,
        0.5967220912995822
      ],
      [
        0.18019939432288914,
        0.21505699574151058,
        0.6047436099356003
      ],
      [
        0.17040296863354149,
        0.21819309922302102,
        0.6114039321434375
      ],
      [
        0.1628525216846232,
        0.2206292020636022,
        0.6165182762517747
      ],
      [
        0.3940639315763906,
        0.1391036389247222,
        0.46683242949888715
      ],
      [
        0.38233402378163406,
        0.14235896616704158,
        0.47530701005132436
      ],
      [
        0.36830101154962086,
        0.14629704829717866,
        0.4854019401532005
      ],
      [
        0.35165254959937586,
        0.15097844751529185,
        0.49736900288533237
      ],
      [
        0.33294615991480253,
        0.15630977405739083,
        0.5107440660278066
      ],
      [
        0.3122794810367879,
        0.16223185334021975,
        0.5254886656229923
      ],
      [
        0.29046214563072875,
        0.16853684441280772,
        0.5410010099564636
      ],
      [
        0.26845905415284343,
        0.1749565359033139,
        0.5565844099438426
      ],
      [
        0.24758831155799227,
        0.18112629583265583,
        0.5712853926093518
      ],
      [
        0.228363590647764,
        0.1868594531508741,
        0.5847769562013618
      ],
      [
        0.21128759901046582,
        0.19199030968995198,
        0.5967220912995822
      ],
      [
        0.19646604356242275,
        0.19646604356242275,
        0.6070679128751545
      ],
      [
        0.18452532450602716,
        0.20011289512107297,
        0.6153617803728999
      ],
      [
        0.17460225910656188,
        0.20314821613675932,
        0.6222495247566787
      ],
      [
        0.16694453691869313,
        0.20551124386031147,
        0.6275442192209955
      ],
      [
        0.3985844391429453,
        0.12948136298911958,
        0.47193419786793506
      ],
      [
        0.38684746615727045,
        0.1325805730626111,
        0.48057196078011843
      ],
      [
        0.37279412584805094,
        0.136336660724361,
        0.490869213427588
      ],
      [
        0.35611896617890615,
        0.14080318695606522,
        0.5030778468650287
      ],
      [
        0.3373621322830019,
        0.14590142716759877,
        0.5167364405493994
      ],
      [
        0.31663010963284693,
        0.15156996484356186,
        0.5317999255235912
      ],
      [
        0.2947276570812865,
        0.15761398345114364,
        0.5476583594675699
      ],
      [
        0.27261962680109597,
        0.1637784561082606,
        0.5636019170906434
      ],
      [
        0.2516229298069638,
        0.16971729198588964,
        0.5786597782071465
      ],
      [
        0.2322649719916736,
        0.17524508794328644,
        0.59248994006504
      ],
      [
        0.21505699574151058,
        0.18019939432288914,
        0.6047436099356003
      ],
      [
        0.20011289512107297,
        0.18452532450602716,
        0.6153617803728999
      ],
      [
        0.18805813533661175,
        0.18805813533661175,
        0.6238837293267765
      ],
      [
        0.1780384888273788,
        0.19099947539846368,
        0.6309620357741575
      ],
      [
        0.17029817487990428,
        0.1932935043089879,
        0.6364083208111078
      ],
      [
        0.40233067455917915,
        0.1215084515747081,
        0.4761608738661127
      ],
      [
        0.3905886976924077,
        0.1244768955470248,
        0.48493440676056754
      ],
      [
        0.37651953372457914,
        0.1280803982710538,
        0.4954000680043671
      ],
      [
        0.3598234626223543,
        0.1323667424167588,
        0.507809794960887
      ],
      [
        0.34102617348890285,
        0.13726928640311575,
        0.5217045401079814
      ],
      [
        0.3202414738306819,
        0.14272484159100884,
        0.5370336845783092
      ],
      [
        0.2982700095298056,
        0.1485494467053363,
        0.553180543764858
      ],
      [
        0.27607650563932556,
        0.15449912148462383,
        0.5694243728760506
      ],
      [
        0.25497674864593495,
        0.16024330620124283,
        0.5847799451528222
      ],
      [
        0.23550951311957702,
        0.16559780331713153,
        0.5988926835632915
      ],
      [
        0.21819309922302102,
        0.17040296863354149,
        0.6114039321434375
      ],
      [
        0.20314821613675932,
        0.17460225910656188,
        0.6222495247566787
      ],
      [
        0.19099947539846368,
        0.1780384888273788,
        0.6309620357741575
      ],
      [
        0.1809002153092571,
        0.1809002153092571,
        0.6381995693814858
      ],
      [
        0.17309172548576893,
        0.183135700238453,
        0.6437725742757782
      ],
      [
        0.40517561277292674,
        0.11545921671225862,
        0.47936517051481464
      ],
      [
        0.393433569467485,
        0.11832225468233247,
        0.48824417585018254
      ],
      [
        0.3793568830225898,
        0.12180212610421683,
        0.4988409908731934
      ],
      [
        0.36265026651503923,
        0.12594233819539125,
        0.5114073952895695
      ],
      [
        0.34382819994954356,
        0.13068509456945326,
        0.5254867054810033
      ],
      [
        0.32301000282608794,
        0.1359662483858888,
        0.5410237487880232
      ],
      [
        0.30099287663388186,
        0.1416103457684064,
        0.5573967775977118
      ],
      [
        0.2787410675591171,
        0.14738232260179096,
        0.573876609839092
      ],
      [
        0.2575689147252123,
        0.15296413717274973,
        0.5894669481020379
      ],
      [
        0.23802376354473312,
        0.15817320520620223,
        0.6038030312490646
      ],
      [
        0.2206292020636022,
        0.1628525216846232,
        0.6165182762517747
      ],
      [
        0.20551124386031147,
        0.16694453691869313,
        0.6275442192209955
      ],
      [
        0.1932935043089879,
        0.17029817487990428,
        0.6364083208111078
      ],
      [
        0.183135700238453,
        0.17309172548576893,
        0.6437725742757782
      ],
      [
        0.17527666003194553,
        0.17527666003194553,
        0.6494466799361089
      ]
    ]
  },
  "configuration": {
    "sigmoid_params": [
      {
        "alpha": 1.2,
        "beta": 4.0,
        "gamma": 0.5
      },
      {
        "alpha": 1.2,
        "beta": 4.0,
        "gamma": 0.5
      }
    ],
    "special_horse_ability": 0.0
  },
  "quality_metrics": {
    "symmetry_score": 0.6532265311896351,
    "volume_preservation_score": 0.7046611047154401,
    "smoothness_score": 0.9570083044461368,
    "coverage_score": 0.4164897007718131,
    "invertibility_score": 0.6642674597910453,
    "overall_score": 0.0
  }
}